0 0.08125 0.32578125 0.03828125 0.1015625
0 0.0609375 0.16875 0.03515625 0.07578125
0 0.10390625 0.24375 0.02890625 0.09296875
0 0.0265625 0.64609375 0.02890625 0.0828125
0 0.01953125 0.815625 0.02734375 0.13359375
0 0.065625 0.5421875 0.0484375 0.1125
0 0.19609375 0.28125 0.0359375 0.12265625
0 0.13671875 0.27578125 0.03203125 0.0984375
0 0.1421875 0.13515625 0.0328125 0.0984375
0 0.228125 0.07109375 0.04765625 0.08828125
0 0.3546875 0.35546875 0.03828125 0.11640625
0 0.31171875 0.35703125 0.0265625 0.1046875
0 0.26171875 0.1640625 0.0359375 0.09609375
0 0.29375 0.109375 0.0390625 0.07578125
0 0.31484375 0.5546875 0.04765625 0.1078125
0 0.36875 0.6765625 0.04375 0.0765625
0 0.20390625 0.69375 0.025 0.08203125
0 0.25234375 0.7875 0.028125 0.08515625
0 0.3015625 0.76953125 0.0421875 0.078125
0 0.3125 0.66875 0.04609375 0.09140625
0 0.3578125 0.859375 0.0421875 0.125
0 0.525 0.7484375 0.04140625 0.125
0 0.44296875 0.46875 0.034375 0.1421875
0 0.45078125 0.2609375 0.05 0.08984375
0 0.36328125 0.24609375 0.0375 0.08359375
0 0.571875 0.63046875 0.040625 0.10390625
0 0.5671875 0.521875 0.05546875 0.05625
0 0.584375 0.146875 0.0375 0.084375
0 0.528125 0.1375 0.04375 0.09453125
0 0.62890625 0.30546875 0.0375 0.08359375
0 0.57734375 0.2421875 0.03515625 0.0921875
0 0.7234375 0.9 0.040625 0.13203125
0 0.6375 0.73984375 0.0421875 0.1078125
0 0.7359375 0.6828125 0.0421875 0.059375
0 0.85390625 0.69140625 0.05 0.0625
0 0.7234375 0.8875 0.05078125 0.1078125
0 0.6421875 0.72890625 0.05625 0.1
0 0.68125 0.4125 0.0515625 0.096875
0 0.73515625 0.38125 0.03515625 0.0859375
0 0.80859375 0.521875 0.04140625 0.115625
0 0.7984375 0.375 0.04140625 0.103125
0 0.75078125 0.3078125 0.0328125 0.08828125
0 0.72109375 0.15 0.03125 0.075
0 0.77421875 0.14375 0.03046875 0.0625
0 0.79609375 0.26796875 0.03203125 0.075
0 0.89453125 0.390625 0.0359375 0.090625
0 0.8546875 0.571875 0.03125 0.06875
0 0.9140625 0.54375 0.040625 0.115625
0 0.934375 0.44921875 0.04375 0.096875
0 0.96953125 0.6890625 0.0390625 0.11015625
0 0.83671875 0.27109375 0.03515625 0.08828125
0 0.89140625 0.2328125 0.0265625 0.0859375
0 0.9203125 0.0984375 0.03203125 0.06875
0 0.95625 0.79453125 0.040625 0.09140625