0 0.13046875 0.05078125 0.0578125 0.0703125
0 0.0390625 0.11796875 0.065625 0.10234375
0 0.13046875 0.21015625 0.03125 0.065625
0 0.221875 0.11796875 0.07734375 0.1171875
0 0.1453125 0.3609375 0.09296875 0.075
0 0.021875 0.34765625 0.04296875 0.0921875
0 0.021875 0.4625 0.04296875 0.04296875
0 0.02109375 0.55625 0.0296875 0.05546875
0 0.13828125 0.5515625 0.07421875 0.08984375
0 0.21328125 0.47421875 0.05 0.059375
0 0.20703125 0.68359375 0.059375 0.075
0 0.13984375 0.7234375 0.06640625 0.059375
0 0.34296875 0.56640625 0.0921875 0.08984375
0 0.3609375 0.68984375 0.05234375 0.06640625
0 0.1859375 0.85390625 0.071875 0.1296875
0 0.29140625 0.31484375 0.03828125 0.0703125
0 0.35 0.34296875 0.05234375 0.06796875
0 0.3796875 0.24609375 0.0359375 0.05078125
0 0.48125 0.17578125 0.07578125 0.04140625
0 0.51328125 0.34765625 0.03046875 0.06328125
0 0.49140625 0.44921875 0.05234375 0.04609375
0 0.4609375 0.5734375 0.04453125 0.08984375
0 0.53046875 0.646875 0.04921875 0.075
0 0.46875 0.69921875 0.05 0.07734375
0 0.51015625 0.846875 0.0578125 0.06484375
0 0.46796875 0.95078125 0.0484375 0.0671875
0 0.628125 0.93828125 0.08203125 0.11640625
0 0.64609375 0.80078125 0.0578125 0.10390625
0 0.62734375 0.44453125 0.04140625 0.05078125
0 0.715625 0.525 0.04921875 0.065625
0 0.69765625 0.44453125 0.0453125 0.065625
0 0.8421875 0.596875 0.053125 0.0484375
0 0.8046875 0.4890625 0.0484375 0.053125
0 0.84921875 0.4234375 0.0390625 0.06796875
0 0.94296875 0.75 0.05390625 0.06875
0 0.91953125 0.5890625 0.0390625 0.0484375
0 0.80625 0.89921875 0.0625 0.11171875
0 0.8359375 0.775 0.046875 0.0671875
0 0.7953125 0.4921875 0.0515625 0.0515625
0 0.97421875 0.58203125 0.0515625 0.0921875