0 0.5546875 0.58359375 0.07578125 0.1
0 0.5484375 0.4796875 0.059375 0.0609375
0 0.240625 0.46640625 0.06171875 0.07421875
0 0.084375 0.6375 0.08984375 0.078125
0 0.1140625 0.734375 0.140625 0.096875
0 0.2375 0.44921875 0.06015625 0.07109375
0 0.30859375 0.4640625 0.046875 0.0625
0 0.0984375 0.4 0.0625 0.0515625
0 0.01953125 0.46953125 0.0390625 0.06015625
0 0.07734375 0.50859375 0.04140625 0.0546875
0 0.14453125 0.5 0.0421875 0.06875
0 0.1734375 0.5578125 0.0453125 0.08671875
0 0.76875 0.73671875 0.0640625 0.10078125
0 0.86640625 0.796875 0.05234375 0.071875
0 0.44375 0.43125 0.0515625 0.04921875
0 0.08359375 0.92890625 0.0625 0.08359375
0 0.48671875 0.853125 0.0859375 0.10078125
0 0.234375 0.459375 0.040625 0.05390625
0 0.21171875 0.2984375 0.08515625 0.0609375
0 0.6703125 0.37109375 0.053125 0.0578125
0 0.61484375 0.30625 0.04140625 0.07109375
0 0.7578125 0.42421875 0.04765625 0.0734375
0 0.7 0.21953125 0.046875 0.040625
0 0.765625 0.34609375 0.05 0.06015625