0 0.30703125 0.6125 0.0765625 0.115625
0 0.18515625 0.509375 0.0734375 0.09921875
0 0.21953125 0.3921875 0.07265625 0.0859375
0 0.07265625 0.625 0.06328125 0.05546875
0 0.2890625 0.78125 0.065625 0.09453125
0 0.50703125 0.30625 0.06328125 0.08984375
0 0.53203125 0.1265625 0.0484375 0.0546875
0 0.64453125 0.246875 0.04296875 0.08203125
0 0.70390625 0.2484375 0.04609375 0.0578125
0 0.828125 0.22421875 0.0484375 0.04921875
0 0.79765625 0.14921875 0.05234375 0.06875
0 0.5328125 0.12890625 0.04609375 0.0671875
0 0.59296875 0.14609375 0.03984375 0.06796875