0 0.1578125 0.2703125 0.08515625 0.07734375
0 0.05078125 0.44765625 0.06171875 0.0609375
0 0.38125 0.48359375 0.07734375 0.0796875
0 0.38046875 0.61484375 0.05625 0.0734375
0 0.48359375 0.5640625 0.0640625 0.075
0 0.46875 0.18984375 0.07734375 0.09609375
0 0.2828125 0.06875 0.046875 0.059375
0 0.80859375 0.4859375 0.07421875 0.0703125
0 0.60234375 0.36796875 0.04375 0.06796875
0 0.55546875 0.33671875 0.046875 0.0671875
0 0.6015625 0.53671875 0.0265625 0.0609375
0 0.51484375 0.465625 0.053125 0.0703125
0 0.7359375 0.1609375 0.03671875 0.06640625
0 0.7015625 0.06015625 0.03671875 0.0703125
0 0.56875 0.21015625 0.04375 0.07421875
0 0.97578125 0.7859375 0.0484375 0.134375
0 0.9671875 0.6328125 0.065625 0.08828125
0 0.815625 0.278125 0.06953125 0.10703125
0 0.72890625 0.32109375 0.04140625 0.0765625