0 0.60546875 0.61640625 0.12890625 0.096875
0 0.59296875 0.36015625 0.07734375 0.07421875
0 0.6640625 0.4859375 0.0734375 0.07421875
0 0.7671875 0.9125 0.090625 0.1015625
0 0.896875 0.8390625 0.06875 0.08046875
0 0.95234375 0.83046875 0.034375 0.06171875
0 0.27890625 0.72109375 0.09296875 0.125
0 0.37421875 0.653125 0.0765625 0.07421875
0 0.1515625 0.56875 0.09375 0.0796875
0 0.03671875 0.51640625 0.0734375 0.11484375
0 0.32890625 0.4703125 0.04609375 0.0859375
0 0.24296875 0.51484375 0.09453125 0.0765625
0 0.965625 0.82734375 0.03828125 0.0796875