0 0.37890625 0.88515625 0.12421875 0.12109375
0 0.13125 0.8984375 0.128125 0.10234375
0 0.27890625 0.77734375 0.1171875 0.09765625
0 0.45859375 0.83046875 0.09765625 0.07890625
0 0.42890625 0.52109375 0.09140625 0.11015625
0 0.15390625 0.5296875 0.0921875 0.08828125
0 0.0328125 0.6015625 0.06484375 0.1390625
0 0.1875 0.32109375 0.08125 0.06796875
0 0.07734375 0.28984375 0.07265625 0.0859375
0 0.6109375 0.71640625 0.11640625 0.08984375
0 0.7546875 0.48046875 0.0859375 0.10234375
0 0.4984375 0.425 0.12421875 0.08984375
0 0.25234375 0.425 0.07109375 0.06328125
0 0.0953125 0.40390625 0.0546875 0.075
0 0.1421875 0.22890625 0.05703125 0.05703125
0 0.29375 0.1171875 0.1078125 0.059375
0 0.115625 0.16875 0.08359375 0.07578125
0 0.0265625 0.06328125 0.0375 0.06484375
0 0.140625 0.09296875 0.06015625 0.0375
0 0.77578125 0.90703125 0.1546875 0.125