0 0.6125 0.78984375 0.06640625 0.0953125
0 0.4921875 0.609375 0.078125 0.13515625
0 0.35 0.46953125 0.0828125 0.1328125
0 0.25859375 0.434375 0.05234375 0.1
0 0.328125 0.32578125 0.06015625 0.10859375
0 0.61015625 0.2203125 0.0734375 0.11640625
0 0.48515625 0.07265625 0.04375 0.0703125
0 0.09375 0.39296875 0.06953125 0.12578125
0 0.02734375 0.38046875 0.0546875 0.11640625
0 0.87265625 0.546875 0.07109375 0.1140625
0 0.9578125 0.38203125 0.07890625 0.12734375
0 0.75078125 0.1828125 0.06953125 0.1078125