0 0.11484375 0.32109375 0.13125 0.06015625
0 0.08828125 0.434375 0.11015625 0.05078125
0 0.0953125 0.603125 0.11640625 0.08203125
0 0.3046875 0.51953125 0.1515625 0.09296875
0 0.25234375 0.221875 0.0859375 0.04609375
0 0.30625 0.415625 0.121875 0.0703125
0 0.425 0.30390625 0.16015625 0.07734375
0 0.45390625 0.47890625 0.1140625 0.1015625
0 0.48125 0.7359375 0.14453125 0.11796875
0 0.55703125 0.603125 0.13671875 0.08203125
0 0.59140625 0.47265625 0.10078125 0.1015625
0 0.55625 0.3046875 0.06328125 0.071875
0 0.27265625 0.225 0.05546875 0.03984375
0 0.821875 0.62890625 0.16171875 0.1078125
0 0.428125 0.95 0.13359375 0.1
0 0.6234375 0.940625 0.11640625 0.1078125
0 0.56484375 0.1625 0.08828125 0.06796875