0 0.85859375 0.4953125 0.16015625 0.08984375
0 0.5875 0.48203125 0.0734375 0.0703125
0 0.35234375 0.5765625 0.09140625 0.103125
0 0.16796875 0.6125 0.10546875 0.0671875
0 0.43984375 0.765625 0.07734375 0.0890625
0 0.28359375 0.82734375 0.0703125 0.078125
0 0.37734375 0.93515625 0.0765625 0.0640625
0 0.0953125 0.8203125 0.090625 0.1046875
0 0.0296875 0.609375 0.04375 0.040625
0 0.51484375 0.60546875 0.09140625 0.053125
0 0.553125 0.5296875 0.0765625 0.0703125
0 0.721875 0.3421875 0.06875 0.0671875
0 0.60625 0.37890625 0.05234375 0.046875
0 0.81796875 0.3671875 0.040625 0.05703125
0 0.9796875 0.371875 0.040625 0.059375
0 0.90390625 0.3953125 0.05546875 0.06953125
0 0.96015625 0.56640625 0.0796875 0.0578125
0 0.84921875 0.59296875 0.06953125 0.0421875
0 0.7453125 0.60078125 0.0640625 0.06328125
0 0.84765625 0.74296875 0.09375 0.08515625
0 0.92734375 0.73125 0.04296875 0.05859375