0 0.5625 0.49375 0.09921875 0.0796875
0 0.54453125 0.1265625 0.1234375 0.115625
0 0.26171875 0.2828125 0.0796875 0.12109375
0 0.04921875 0.42265625 0.0875 0.09453125
0 0.15625 0.35546875 0.08515625 0.05625
0 0.1828125 0.5890625 0.14296875 0.12890625
0 0.25546875 0.45234375 0.11328125 0.06640625
0 0.30703125 0.53203125 0.09140625 0.075
0 0.1875 0.21484375 0.06484375 0.08828125
0 0.72734375 0.93203125 0.1359375 0.1359375
0 0.84296875 0.8171875 0.07578125 0.121875
0 0.92109375 0.81484375 0.0609375 0.08984375
0 0.95703125 0.58515625 0.078125 0.07265625
0 0.8640625 0.69375 0.10390625 0.1