0 0.534375 0.38671875 0.09609375 0.07578125
0 0.2515625 0.334375 0.0875 0.084375
0 0.1453125 0.3515625 0.05078125 0.0640625
0 0.06015625 0.240625 0.06015625 0.046875
0 0.61171875 0.1296875 0.05078125 0.05703125
0 0.77734375 0.0421875 0.05703125 0.040625
0 0.7734375 0.1578125 0.05390625 0.04921875
0 0.6875 0.22109375 0.065625 0.05859375
0 0.68125 0.07265625 0.07109375 0.06171875
0 0.5578125 0.0796875 0.04921875 0.034375
0 0.52578125 0.37109375 0.078125 0.08359375
0 0.16171875 0.58359375 0.078125 0.078125
0 0.465625 0.515625 0.09765625 0.0859375
0 0.12734375 0.96484375 0.11796875 0.06171875
0 0.4203125 0.71484375 0.09765625 0.08828125
0 0.15078125 0.7703125 0.0953125 0.08203125