0 0.46953125 0.496875 0.08046875 0.09609375
0 0.17265625 0.58828125 0.07421875 0.08671875
0 0.1390625 0.96171875 0.08515625 0.0765625
0 0.53359375 0.3828125 0.0546875 0.0875
0 0.4265625 0.70234375 0.0640625 0.06328125
0 0.15234375 0.76328125 0.071875 0.0546875
0 0.15390625 0.35546875 0.05625 0.065625
0 0.0625 0.24921875 0.059375 0.05859375
0 0.08828125 0.17890625 0.04609375 0.040625
0 0.16484375 0.25234375 0.04609375 0.05234375
0 0.2375 0.340625 0.05078125 0.07109375
0 0.29609375 0.22890625 0.053125 0.05859375
0 0.56953125 0.078125 0.06328125 0.05859375
0 0.478125 0.16015625 0.04609375 0.05859375
0 0.684375 0.2296875 0.04296875 0.0609375
0 0.65625 0.315625 0.06953125 0.05390625
0 0.40859375 0.39453125 0.0484375 0.06875
0 0.47578125 0.39296875 0.034375 0.05859375
0 0.36328125 0.92578125 0.0796875 0.0859375
0 0.66953125 0.78125 0.084375 0.08359375
0 0.74453125 0.640625 0.0671875 0.09609375
0 0.83828125 0.6890625 0.0578125 0.10390625
0 0.84609375 0.884375 0.1109375 0.09609375
0 0.3328125 0.6421875 0.06875 0.09296875
0 0.83828125 0.4 0.0375 0.06640625
0 0.88671875 0.29921875 0.071875 0.090625
0 0.54296875 0.14765625 0.0484375 0.0609375
0 0.77734375 0.06796875 0.06953125 0.065625
0 0.68203125 0.0828125 0.0515625 0.06796875
0 0.90703125 0.4140625 0.05390625 0.08046875
0 0.853125 0.165625 0.08046875 0.0625